Балакірська Аліса Володимирівна	[2, 3, 5, 7, 10, 11, 12, 16, 17, 19, 20, 24],
Бернадзіковський В`ячеслав Сергійович	 [2, 3, 7, 10, 11, 12, 15, 18, 20, 22, 26, 27],
Білик Владислав Романович	 [1, 3, 8, 9, 10, 13, 15, 16, 21, 22, 24, 26],
Благута Роман Романович	 	[1, 5, 6, 7, 9, 10, 14, 16, 17, 21, 22, 25],
Бондар Діана Максимівна	 	[1, 3, 9, 10, 11, 14, 15, 17, 20, 22, 24, 26],
Борис Ярослав Ігорович	 	[2, 4, 6, 8, 9, 11, 13, 15, 17, 20, 23, 27],
Боцула Анна Мирославівна	 [2, 3, 5, 9, 10, 11, 13, 15, 17, 20, 22, 27],
Бурда Марко Романович	 	[2, 3, 5, 7, 8, 11, 13, 15, 16, 19, 21, 27],
Воробчук Аліна Віталіївна	 [1, 4, 6, 8, 10, 11, 13, 17, 18, 19, 21, 27],
Галецька Софія Андріївна	 [1, 2, 5, 7, 8, 11, 14, 15, 18, 19, 21, 24],
Гапунович Юлія Андріївна	 [3, 6, 7, 8, 10, 13, 17, 18, 20, 23, 26, 27],
Гаркот Софія Олегівна	 	[1, 6, 9, 10, 11, 12, 15, 18, 21, 22, 25, 26],
Грицай Максим Олександрович	 [2, 3, 4, 8, 9, 10, 12, 16, 17, 19, 21, 27],
Дацко Денис Ігорович	 	[1, 2, 4, 7, 8, 10, 12, 15, 16, 19, 20, 24],
Дигдалович Остап Андрійович	 [3, 6, 9, 10, 11, 13, 16, 18, 20, 23, 26, 27],
Дмитришин Марія Романівна	 [2, 3, 5, 7, 9, 11, 12, 15, 17, 20, 22, 24],
Дубей Мар`ян Романович	 	[1, 2, 5, 7, 10, 11, 14, 15, 18, 20, 22, 24],
Дубневич Соломія Степанівна	 [3, 4, 6, 9, 10, 11, 13, 17, 18, 20, 22, 25],
Загартовський Марко Максимович	 [2, 3, 8, 10, 11, 12, 15, 17, 21, 23, 25, 26],
Задорожний Владислав Васильович	 [3, 4, 6, 7, 9, 10, 13, 15, 17, 21, 22, 25],
Іваненко Денис Федорович	 [3, 4, 6, 7, 8, 10, 13, 17, 18, 20, 23, 24],
Ільчиняк Арсен Валерійович	 [1, 3, 5, 9, 10, 11, 14, 16, 17, 20, 23, 27],
Канцір Соломія Володимирівна	 [1, 3, 4, 8, 10, 11, 14, 16, 18, 21, 23, 25],
Клименко Данило Сергійович	 [2, 3, 5, 7, 8, 10, 13, 15, 17, 20, 23, 27],
Кметь Максим Владиславович	 [2, 4, 6, 8, 10, 11, 12, 17, 18, 21, 23, 25],
Ковальчук Оксана Геннадіївна	 [1, 6, 7, 10, 11, 13, 15, 18, 21, 22, 26, 27],
Козяк Галина Вадимівна	 	[2, 5, 6, 9, 10, 11, 13, 15, 16, 21, 23, 25],
Кравчук Софія Максимівна	 [2, 5, 6, 8, 10, 11, 13, 15, 17, 21, 23, 27],
Кратко Денис Романович	 	[1, 3, 5, 8, 9, 11, 13, 16, 17, 19, 20, 27],
Крищук Яна Юріївна	 	[2, 5, 6, 8, 9, 10, 13, 15, 17, 21, 23, 24],
Кубацька Христина Володимирівна	 [3, 4, 6, 8, 10, 11, 14, 15, 18, 20, 22, 27],
Курляк Яна Сергіївна	 	[1, 3, 7, 8, 11, 13, 16, 18, 21, 23, 26, 27],
Кучинський Володимир Тарасович	 [2, 5, 6, 7, 8, 9, 14, 15, 18, 19, 21, 25],
Леньо Соломія Андріївна	 	[2, 5, 6, 7, 9, 10, 14, 15, 18, 20, 22, 27],
Лесик Володимир Юрійович	 [1, 3, 5, 8, 9, 10, 14, 15, 18, 20, 23, 25],
Ляцька Анастасія Олегівна	 [2, 4, 6, 9, 10, 11, 13, 16, 18, 21, 23, 24],
Малецький Денис Юрійович	 [2, 3, 4, 9, 10, 11, 14, 15, 18, 20, 22, 25],
Матрунич Олена Романівна	 [1, 6, 9, 10, 11, 14, 16, 17, 21, 23, 25, 26],
Мацьків Оксана Володимирівна	 [1, 2, 5, 7, 8, 9, 13, 15, 17, 21, 23, 24],
Меда Володимир Іванович	 	[2, 4, 6, 7, 8, 10, 13, 15, 18, 21, 22, 27],
Моргуненко Микола Романович	 [1, 2, 4, 7, 10, 11, 14, 15, 16, 20, 23, 24],
Муравецька Ярина Андріївна	 [1, 3, 8, 9, 10, 13, 16, 17, 21, 23, 24, 26],
Назарук Данило Ігорович	 	[3, 6, 7, 8, 9, 14, 16, 18, 19, 21, 25, 26],
Новосад Маркіян Орестович	 [3, 6, 7, 10, 11, 13, 15, 18, 19, 21, 25, 26],
Овсянніков Григорій Ігорович	 [1, 2, 5, 7, 8, 10, 14, 15, 17, 19, 21, 27],
Пазинюк Михайло Юрійович	 [1, 2, 8, 10, 11, 14, 16, 17, 19, 21, 24, 26],
Папка Віталій Олегович	 	[1, 2, 4, 7, 8, 11, 12, 17, 18, 21, 23, 27],
Пасічник Юрій Ростиславович	 [2, 4, 6, 9, 10, 11, 12, 16, 17, 19, 20, 27],
Пастернак Назар Богданович	 [2, 5, 6, 7, 8, 10, 12, 15, 16, 21, 23, 24],
Петришин Софія Романівна	 [1, 3, 5, 7, 10, 11, 13, 16, 17, 20, 22, 27],
Петрівська Маріанна Олегівна	 [2, 3, 4, 7, 9, 10, 12, 15, 17, 21, 23, 27],
Пецюх Софія Ігорівна	 	[1, 5, 6, 8, 9, 10, 14, 15, 17, 20, 23, 27],
Пинда Анна Тарасівна	 	[1, 2, 4, 8, 9, 11, 13, 17, 18, 21, 23, 24],
Писко Богдан Левович	 	[3, 5, 6, 8, 10, 11, 14, 16, 17, 19, 20, 24],
Починок Юлія Русланівна	 	[1, 3, 8, 10, 11, 14, 17, 18, 19, 21, 25, 26],
Романчук Софія Андріївна	 [2, 3, 4, 7, 8, 9, 13, 15, 16, 20, 22, 24],
Румежак Тарас Олегович	 	[1, 2, 8, 10, 11, 13, 15, 17, 19, 21, 25, 26],
Сагайдак Данило Романович	 [2, 3, 5, 7, 8, 11, 14, 15, 18, 20, 22, 25],
Самоваров Микита Олексійович	 [1, 2, 4, 7, 8, 10, 13, 17, 18, 19, 21, 24],
Служинський Данило Маркіянович	 [2, 4, 6, 9, 10, 11, 14, 17, 18, 19, 21, 27],
Сорокотяга Соломія Юріївна	 [1, 3, 7, 8, 10, 12, 16, 18, 19, 21, 26, 27],
Тананайська Анастасія Дмитрівна	 [1, 3, 8, 9, 10, 14, 15, 17, 19, 20, 25, 26],
Татош Софія Едуардівна	 	[2, 5, 6, 9, 10, 11, 12, 16, 17, 20, 23, 25],
Телюк Артем Михайлович	 	[2, 6, 7, 8, 9, 14, 16, 18, 20, 22, 26, 27],
Титаренко Віктор Олександрович	 [2, 6, 7, 8, 9, 14, 17, 18, 19, 20, 24, 26],
Тітов Ігор Тарасович	 	[1, 2, 8, 10, 11, 14, 15, 17, 19, 20, 26, 27],
Тодощук Назар Андрійович	 [3, 5, 6, 7, 9, 10, 12, 16, 18, 21, 23, 27],
Удуд Денис Ілліч	 	[1, 3, 5, 7, 8, 10, 14, 15, 18, 19, 21, 25],
Усачова Вікторія Андріївна	 [2, 3, 4, 7, 8, 11, 14, 15, 16, 20, 23, 25],
Хабурський Устим Михайлович	 [1, 2, 4, 8, 9, 10, 14, 15, 18, 21, 23, 27],
Шахов Михайло Євгенович	 	[1, 3, 5, 9, 10, 11, 14, 15, 18, 20, 22, 25],
Шкредко Андрій Іванович	 	[1, 2, 5, 8, 9, 10, 12, 15, 18, 20, 22, 24],
Шувар Софія Орестівна	 	[1, 4, 6, 7, 8, 10, 12, 15, 17, 20, 23, 27],
Шумаков Максим Геннадійович	 [2, 5, 6, 8, 9, 10, 13, 15, 16, 20, 23, 24],
Шуптар Соломія Олегівна	 	[1, 2, 7, 8, 9, 13, 16, 17, 20, 22, 26, 27],
Яновський Андрій Сергійович	 [1, 6, 7, 9, 11, 12, 15, 17, 21, 23, 26, 27],
Яцків Богдан-Юрій Володимирович	 [2, 3, 7, 10, 11, 13, 16, 17, 19, 21, 24, 26],
Леб'як Маркіян	 		[2, 6, 8, 9, 11, 12, 15, 16, 19, 21, 25, 26]
